                          Name		       Real [s]
                          copy:		       0.780000
                         fcopy:		       0.020000
