                          Name		       Real [s]
                          copy:		       1.990000
                         fcopy:		       0.040000
